19
8 12
-1 5 3 -1 18 -1 3 -1 13 -1 5 3 -1 3 -1 18 5 7 -1 
5 -1 -1 2 15 -1 2 5 10 2 -1 2 5 3 -1 -1 5 10 2 
3 -1 -1 -1 6 1 -1 3 10 -1 1 -1 3 3 1 -1 18 6 -1 
-1 2 -1 -1 13 0 2 0 13 0 2 2 0 -1 -1 2 14 6 0 
18 15 6 13 -1 16 -1 17 13 18 11 -1 16 -1 16 -1 -1 6 -1 
-1 -1 1 0 16 -1 2 0 10 0 1 2 -1 3 0 1 -1 7 -1 
3 2 -1 2 -1 2 -1 17 13 2 17 2 16 -1 2 -1 4 -1 2 
-1 5 3 0 17 0 17 -1 17 0 17 17 0 3 0 17 5 -1 0 
13 10 10 13 13 10 13 17 -1 17 -1 10 10 -1 10 10 13 -1 13 
-1 2 -1 0 18 0 2 0 17 -1 17 2 0 3 0 2 18 -1 -1 
5 -1 1 2 11 1 17 17 -1 17 -1 -1 5 8 1 1 5 -1 2 
3 2 -1 2 -1 2 2 17 10 2 -1 -1 16 4 2 -1 4 -1 2 
-1 5 3 0 16 -1 16 0 10 0 5 16 -1 3 -1 5 -1 7 0 
3 3 3 -1 -1 3 -1 3 -1 3 8 4 3 -1 3 4 4 6 4 
-1 -1 1 -1 16 0 2 0 10 0 1 2 -1 3 -1 1 -1 7 0 
18 -1 -1 2 -1 1 -1 17 10 2 1 -1 5 4 1 -1 4 6 -1 
5 5 18 14 -1 -1 4 5 13 18 5 4 -1 4 -1 4 -1 6 -1 
7 10 6 6 6 7 -1 -1 -1 -1 -1 -1 7 6 7 6 6 -1 9 
-1 2 -1 0 -1 -1 2 0 13 -1 2 2 0 4 0 -1 -1 9 -1 
